% Ranocchio scopemeter output file

% INVERTER WITH FAN

timestep_ns = 26000;

microvolts_per_count = 1732500;

Data = [
51,52,52,54,52,52,52,52,52,52,52,49,52,52,52,52,51,52,52,52,51,51,49,51,51,51,51,51,51,51,53,51,51,51,51,52,52,51,51,51,51,52,51,51,51,51,51,51,51,49,51,51,51,51,51,51,51,52,51,51,48,51,51,51,51,50,51,51,52,51,51,51,51,51,51,51,49,51,51,51,51,50,51,51,51,51,51,48,51,51,51,51,50,51,51,51,51,50,48,51,51,51,50,49,51,51,52,51,50,51,51,51,51,51,49,51,51,51,50,50,51,51,51,51,50,48,51,51,51,51,50,51,51,51,51,127,126,127,127,126,126,125,126,126,127,125,125,125,125,125,124,124,123,124,124,125,124,124,124,124,124,124,124,121,124,124,124,124,124,124,124,125,124,124,123,124,124,124,124,124,124,124,126,124,124,124,124,124,124,124,123,124,124,125,124,124,124,124,124,124,205,202,205,204,204,203,203,203,203,204,203,202,202,202,202,201,201,200,201,201,203,200,200,201,201,201,200,200,198,200,200,200,199,199,200,199,200,199,199,196,199,199,199,199,199,199,199,199,198,198,198,199,199,198,198,198,199,199,200,198,198,198,198,199,198,198,196,197,198,198,198,198,198,198,199,198,198,194,198,198,198,198,197,198,198,199,197,197,198,198,198,198,198,197,198,198,199,198,198,198,198,198,198,198,196,197,198,198,198,198,198,198,199,198,198,195,198,198,198,198,198,198,199,199,198,198,198,199,199,199,198,198,199,199,200,198,198,199,199,199,199,198,196,198,199,198,198,198,199,199,199,199,199,196,199,199,199,199,198,199,199,200,199,199,199,199,199,199,199,198,199,199,200,199,199,199,199,199,199,199,197,199,199,199,199,199,199,199,200,199,199,198,200,199,199,199,199,199,200,201,199,199,199,200,200,199,199,199,200,200,200,199,199,200,200,200,199,199,197,199,199,199,199,199,200,200,200,199,199,199,200,200,199,199,199,200,200,201,199,199,200,200,200,200,199,198,200,200,200,199,199,200,200,200,199,199,196,117,123,123,123,124,124,124,126,124,125,124,126,126,126,126,125,126,126,128,126,126,126,126,126,126,126,124,126,126,127,126,126,126,127,127,126,126,123,127,127,126,126,126,127,127,127,126,126,126,127,127,126,126,126,126,127,128,126,126,126,127,127,126,126,124,43,45,46,46,46,47,47,48,48,47,46,48,48,48,48,48,49,49,50,49,49,49,49,49,49,49,48,50,50,51,50,50,51,51,51,51,51,48,51,51,51,51,51,51,51,52,51,51,49,52,52,52,52,51,52,52,54,52,52,52,52,52,52,52,51,52,52,54,52,52,53,53,54,52,52,50,52,52,52,52,52,52,52,54,52,52,51,52,54,54,53,52,53,52,54,52,52,52,52,53,52,52,51,52,52,53,52,52,53,53,53,52,52,50,52,52,52,52,51,52,52,53,52,51,51,52,52,53,52,51,52,52,54,52,51,52,52,52,51,51,50,52,52,52,51,51,52,52,52,51,51,49,51,51,51,51,51,51,51,52,51,51,50,51,52,52,51,51,51,51,53,51,51,51,51,51,51,51,49,51,51,51,51,51,51,51,51,51,51,48,51,51,51,51,50,51,51,52,51,51,50,51,51,51,51,50,51,51,52,51,51,51,51,51,51,50,48,51,51,51,51,51,51,51,51,51,50,48,50,51,51,50,50,51,51,52,50,50,50,51,51,51,51,49,51,51,52,51,51,51,51,51,51,51,48,51,51,150,127,127,127,127,127,126,126,122,126,126,125,125,124,125,125,126,124,124,124,124,124,124,124,123,124,124,126,124,124,124,124,124,124,124,122,124,124,124,124,124,124,124,125,124,124,121,124,124,124,124,124,124,124,126,124,124,124,124,124,124,124,123,124,124,207,205,204,204,204,204,203,203,200,203,203,202,202,201,202,202,203,201,201,199,201,201,200,200,200,201,200,201,200,200,200,200,200,199,199,198,199,199,200,199,199,199,199,199,199,199,196,199,199,199,198,198,199,199,199,198,198,196,199,199,198,198,198,198,198,199,198,198,198,198,198,198,198,196,197,198,198,198,198,198,198,198,198,198,195,198,198,198,198,198,198,198,199,197,197,196,198,198,198,198,197,198,198,199,198,198,198,198,198,198,198,196,197,198,198,198,198,198,198,199,198,198,195,198,199,198,198,198,199,199,199,198,198,198,199,199,199,198,198,199,199,201,199,199,199,199,199,199,199,197,198,199,199,199,199,199,199,199,199,199,195,199,199,199,199,199,199,199,200,199,199,199,199,199,199,199,199,199,200,201,199,199,199,199,199,199,199,198,199,199,199,199,199,199,199,200,199,199,196,200,199,199,199,199,200,200,201,199,199,199,200,200,199,199,199,200,200,201,199,199,200,200,200,199,199,198,199,199,199,199,199,200,200,200,199,199,197,200,199,199,199,199,200,200,201,199,199,199,200,200,199,199,199,200,200,201,199,199,123,123,124,124,124,122,124,125,125,125,125,126,126,126,126,126,124,126,126,126,126,126,126,126,127,126,126,126,127,127,126,126,125,126,127,127,126,126,126,127,127,126,126,124,127,127,126,126,126,126,127,127,126,126,124,127,127,126,126,126,126,127,128,126,31,44,46,46,46,46,45,47,48,48,48,48,48,48,49,48,48,47,49,49,49,49,49,49,49,51,50,50,49,50,51,50,50,49,51,51,52,51,51,51,51,51,51,51,49,51,51,52,51,51,52,52,52,52,52,49,52,53,52,52,52,52,52,54,52,52,52,52,52,52,52,51,52,52,54,52,53,53,53,53,52,52,51,52,52,53,52,52,52,52,54,52,52,50,53,54,54,53,52,53,52,54,52,52,52,52,52,52,52,51,52,52,54,52,52,53,53,52,52,52,50,52,52,52,52,51,52,52,52,52,52,49,52,53,52,52,51,52,52,53,52,51,52,52,52,51,51,51,51,52,53,51,51,52,52,52,51,51,49,51,51,51,51,51,51,51,52,51,51,49,51,52,51,51,51,51,51,52,51,51,51,51,51,51,51,49,51,51,52,51,51,51,51,51,51,51,48,51,51,51,51,50,51,51,51,51,51,48,51,51,51,51,50,51,51,52,51,51,51,51,51,51,50,49,51,51,51,51,51,51,51,51,51,50,48,51,51,51,50,50,51,51,51,51,50,49,51,51,51,51,50,51,51,52,51,50,51,51,128,127,127,125,127,126,127,126,125,126,125,126,125,124,122,125,125,124,124,124,124,124,125,124,124,124,124,124,124,124,124,124,124,126,124,124,124,124,124,124,124,123,124,124,125,124,124,124,124,124,124,124,120,124,124,124,124,124,124,124,125,124,124,124,207,206,204,204,203,204,204,206,203,203,203,203,203,202,201,200,202,201,201,201,200,201,201,201,200,200,197,200,200,200,200,199,200,200,201,199,199,199,199,199,199,199,198,199,199,201,199,199,199,199,199,198,198,196,199,199,199,198,198,198,198,199,198,198,195,198,199,198,198,198,198,198,199,198,198,198,198,198,198,196,196,198,198,199,198,198,198,198,198,198,198,195,198,198,198,198,198,198,198,198,197,198,195,198,198,198,198,198,198,198,199,198,198,198,198,198,198,197,196,198,198,199,198,198,198,199,199,198,198,196,199,199,198,198,198,199,199,199,198,198,196,199,199,199,199,198,199,199,200,199,199,199,199,199,199,198,197,199,199,199,199,199,199,199,199,199,199,196,199,199,199,199,199,199,199,199,199,199,198,199,199,199,199,199,199,199,201,199,199,199,199,199,199,199,198,199,199,200,199,199,200,199,200,199,199,196,200,199,199,199,199,200,200,200,199,199,199,200,200,199,199,199,200,200,201,199,199,200,200,200,199,199,198,199,200,200,199,199,200,200,200,199,199,196,200,199,199,199,199,200,200,200,199,199,199,200,200,199,123,122,124,124,127,124,124,125,125,126,125,125,124,126,126,126,126,126,126,126,127,126,126,123,126,127,126,126,126,126,126,127,126,126,126,127,127,126,126,126,126,127,128,126,126,126,127,127,126,126,124,127,127,127,126,126,127,127,127,126,126,123,127,127,127,45,45,46,46,48,47,47,47,48,48,48,48,47,48,48,50,48,48,49,49,50,49,49,48,50,50,50,50,50,50,51,51,50,51,48,51,51,51,51,51,51,51,53,51,51,51,51,51,51,51,50,52,52,53,52,51,52,52,52,52,52,50,53,53,52,52,52,52,52,54,52,52,51,52,52,52,52,52,53,53,54,53,53,53,53,53,52,52,51,52,52,54,52,52,52,52,53,52,52,50,54,54,53,52,52,52,52,54,52,52,51,52,52,52,52,51,52,52,54,52,52,52,52,52,52,52,50,52,52,52,52,51,52,52,52,52,51,49,52,52,52,52,51,52,51,52,51,51,51,51,52,51,51,51,51,51,53,51,51,52,51,51,51,51,49,51,51,51,51,51,51,51,51,51,51,48,52,52,51,51,51,51,51,52,51,51,50,51,51,51,51,49,51,51,52,51,51,51,51,51,51,51,48,51,51,51,51,50,51,51,51,51,51,48,51,51,51,51,50,51,51,51,51,50,50,51,51,51,51,49,51,51,52,51,51,51,51];
