% Ranocchio scopemeter output file

% INVERTER FAN LOW

timestep_ns = 26000;

microvolts_per_count = 1732500;

Data = [
51,50,51,50,51,50,50,48,50,50,51,50,50,50,50,51,50,50,48,50,50,49,49,49,49,49,51,49,49,49,49,49,49,49,48,49,50,51,49,49,49,49,50,49,49,47,49,49,49,49,49,49,49,50,49,49,47,49,49,49,49,48,49,49,51,49,49,49,49,49,49,49,48,49,49,51,49,49,49,49,50,49,49,47,49,49,49,49,49,49,49,50,49,49,48,49,49,49,49,48,49,49,51,49,49,49,49,49,49,49,48,49,49,51,50,49,49,49,50,49,49,47,49,49,49,49,49,49,49,128,127,127,125,126,126,126,125,124,125,125,127,124,124,124,124,124,124,124,123,124,124,125,124,124,124,124,124,124,124,121,124,124,124,124,124,124,124,124,124,124,123,124,124,124,124,123,124,124,126,124,124,124,124,124,124,124,123,124,124,124,124,124,124,124,124,124,124,120,124,124,205,206,204,204,204,204,203,203,202,203,203,202,201,200,201,201,203,200,200,200,200,200,200,199,198,200,199,199,199,199,199,199,199,199,198,195,199,199,198,198,198,198,199,199,198,198,198,198,198,198,198,197,198,198,200,198,198,198,198,198,198,198,196,198,198,199,198,198,198,198,198,198,198,195,198,198,198,198,198,199,199,199,198,198,198,199,199,198,198,198,199,199,201,199,199,199,199,199,199,199,197,199,199,199,199,199,199,199,199,199,199,196,199,199,199,199,199,200,200,201,199,199,200,200,200,200,199,199,200,200,202,200,200,200,200,201,200,200,198,200,201,200,200,200,201,201,201,200,200,199,201,201,200,200,200,201,201,203,200,200,201,201,201,200,200,199,201,201,202,201,201,201,201,201,201,201,198,201,201,201,201,201,201,201,202,200,200,199,201,201,201,201,200,201,201,203,201,201,201,201,201,201,200,199,201,201,201,201,200,201,201,201,201,200,198,201,201,201,201,200,201,201,202,200,200,200,201,201,200,200,200,201,201,203,201,200,201,201,201,200,200,199,201,201,201,200,200,201,201,201,200,124,120,124,124,124,124,124,125,126,126,126,126,125,126,126,126,126,125,126,127,129,126,126,127,127,127,126,126,125,127,127,127,127,126,127,127,127,127,126,123,127,127,127,126,126,127,127,127,127,126,126,127,127,127,126,126,127,127,129,127,126,127,127,127,126,126,124,127,127,127,126,127,44,46,47,46,46,44,47,48,48,48,48,48,49,50,49,49,50,50,50,50,50,49,50,51,52,51,51,51,51,51,51,51,49,52,52,52,52,52,52,52,53,52,52,50,52,52,52,52,51,52,52,54,52,52,53,53,53,52,52,51,52,52,54,52,52,52,52,53,52,52,50,52,52,52,52,52,52,52,53,52,51,50,52,52,52,52,51,52,52,53,51,51,51,52,52,52,51,50,51,51,52,51,51,51,51,51,51,51,48,51,51,51,51,51,51,51,51,51,50,49,51,51,50,50,49,50,50,51,50,50,50,51,51,50,50,48,50,50,51,49,49,50,50,50,49,49,47,49,49,49,49,49,49,50,51,49,49,48,49,49,49,49,48,49,49,51,49,49,49,49,50,49,49,48,49,49,50,49,49,49,49,50,49,49,47,49,49,49,49,49,49,49,51,49,49,48,49,49,49,49,48,49,49,51,49,49,49,49,50,49,49,48,49,49,49,49,49,49,49,50,49,49,47,49,49,49,49,49,49,49,51,49,49,49,49,49,49,49,48,49,49,51,49,49,49,49,50,50,49,48,161,127,127,127,126,126,126,126,125,125,121,125,125,124,124,124,124,124,126,124,124,124,124,124,124,124,123,124,124,126,124,124,124,124,124,124,124,121,124,124,124,124,124,124,124,124,124,124,121,124,124,124,124,124,124,124,125,124,124,124,124,124,124,124,123,124,124,126,124,124,124,124,206,205,204,202,204,204,203,203,202,202,202,203,201,201,199,201,201,200,200,200,200,200,201,199,199,199,199,199,199,199,198,199,199,199,199,198,199,199,199,198,198,195,198,198,198,198,198,198,198,199,198,198,196,198,198,198,198,197,198,198,199,198,198,198,198,198,198,198,196,198,198,199,198,198,198,198,199,198,198,195,198,198,198,198,198,199,199,199,198,198,198,199,199,199,199,198,199,199,201,199,199,199,199,199,199,199,198,199,199,200,199,199,199,200,200,199,199,196,200,199,199,199,199,200,200,201,200,200,199,200,200,200,200,200,200,200,203,200,200,200,200,201,200,200,199,201,201,201,200,200,201,201,201,200,200,198,201,201,200,200,200,201,201,202,201,200,200,201,201,201,200,200,201,201,203,200,200,201,201,201,201,201,199,201,201,201,201,201,201,201,202,201,201,198,201,201,200,200,200,201,201,202,201,200,201,201,201,201,200,200,201,201,203,201,200,201,201,201,201,201,199,201,201,201,201,200,201,201,202,201,200,198,201,201,200,200,200,201,201,202,200,200,201,201,201,200,200,200,201,201,203,123,123,124,124,125,124,124,123,126,126,126,126,126,126,126,127,126,126,124,127,127,126,126,126,127,127,128,127,126,127,127,127,127,126,126,127,127,127,127,127,127,127,127,126,126,124,127,127,127,126,126,127,127,127,127,126,125,127,127,126,126,126,127,127,128,126,126,127,127,127,127,44,43,46,46,47,47,47,48,48,48,48,48,47,49,49,49,49,49,50,50,51,50,50,49,51,51,51,51,51,52,52,53,51,51,52,52,52,52,52,50,52,52,53,52,52,52,52,54,53,52,50,52,52,52,52,52,52,52,54,52,52,51,52,52,52,52,51,53,53,54,52,52,52,52,52,52,52,50,52,52,52,52,52,52,52,53,52,52,49,52,52,51,51,51,51,51,52,51,51,51,51,51,51,51,50,51,52,53,51,51,51,51,51,51,51,48,51,51,51,51,50,51,51,51,50,50,48,50,50,50,50,49,50,50,51,50,49,50,50,50,50,49,48,50,50,51,50,49,49,49,50,49,49,48,49,49,49,49,49,49,49,50,49,49,47,49,49,49,49,48,49,49,51,49,49,49,49,49,49,49,48,49,49,51,49,49,49,49,50,49,49,47,49,49,49,49,49,49,49,50,49,49,48,49,49,49,49,48,49,49,51,49,49,49,49,49,49,49,48,49,49,51,49,49,49,49,50,49,49,47,49,49,49,49,49,49,49,51,49,49,48,49,49,49,49,48,49,49,51,49,49,128,127,127,126,126,124,126,126,126,125,124,125,125,125,124,124,121,124,124,124,124,124,124,124,125,124,124,123,124,124,124,124,123,124,124,126,124,124,124,124,124,124,124,122,124,124,124,124,124,124,124,124,124,124,120,124,124,124,124,124,124,124,125,124,124,123,124,124,124,124,122,206,206,207,204,204,204,203,203,203,202,200,202,202,201,201,200,201,200,201,200,199,196,200,199,199,199,199,199,199,200,199,199,198,199,199,198,198,197,198,199,200,198,198,198,198,199,198,198,196,198,198,199,198,198,198,198,198,198,198,194,198,198,198,198,198,198,198,199,198,198,198,198,198,198,198,197,198,198,200,198,198,198,199,199,198,198,196,199,199,199,198,198,199,199,199,198,198,196,199,199,199,199,199,199,199,200,199,199,199,199,199,199,199,198,200,200,201,199,200,200,200,200,200,200,198,200,200,200,200,200,200,200,200,200,200,198,200,200,200,200,200,200,201,202,200,200,200,201,201,200,200,199,201,201,201,200,200,201,201,201,201,200,198,201,201,201,201,200,201,201,201,200,200,199,201,201,201,200,200,201,201,203,201,201,201,201,201,201,200,199,201,201,201,201,201,201,201,202,201,201,198,201,201,201,201,200,201,201,202,200,200,200,201,201,201,200,200,201,201,203,201,200,201,201,201,201,200,199,201,201,201,200,200,201,201,202,201,200,198,201,201,201,200,200,201,201,201,200,200,200,201,123,123,123,123,124,124,127,125,125,126,126,126,126,126,124,126,126,127,126,126,127,127,127,126,126,123,127,127,127,127,126,127,127,127,127,126,126,127,127,127,126,126,127,127,129,127,126,127,127,127,127,126,124,127,127,127,126,126,127,127,127,126,126,123,127,127,126,126,126,127,127,36,45,45,46,46,47,47,47,47,48,48,49,48,48,49,49,50,49,49,48,50,51,51,51,51,51,51,52,51,51,49,51,51,51,51,51,52,52,53,52,52,52,53,53,52,52,51,52,52,54,52,52,52,52,53,52,52,50,52,52,52,53,52,52,52,54,52,52,51,52,52,52,52,51,52,52,54,52,52,52,53,53,52,52,51,52,52,53,51,51,52,52,52,52,51,49,51,52,51,51,51,51,51,52,51,51,49,51,51,51,51,50,51,51,52,51,51,51,51,51,51,51,49,51,51,51,50,50,50,50,51,50,50,48,50,50,50,50,49,50,50,51,49,49,48,49,49,49,49,48,49,49,51,49,49,49,49,50,49,49,48,49,49,50,49,49,49,49,50,49,49,47,49,49,49,49,49,49,49,51,49,49,48,49,49,49,49,48,49,49,51,49,49,49,49,50,49,49,47,49,49,50,49,49,49,49,50,49,49,47,49,49,49,49,49,49,49,51,49,49,49,49,49,49,49,48,49,49,51,49,49,49,49,50,50,49,48];
