% Ranocchio scopemeter output file

% INVERTER NO LOAD

timestep_ns = 26000;

microvolts_per_count = 1732500;

Data = [
37,37,38,37,37,35,37,37,37,37,36,37,37,38,37,37,35,37,37,37,36,36,37,37,38,37,36,37,37,37,37,36,35,37,37,38,36,36,37,37,38,37,36,35,37,37,36,36,36,36,37,38,36,36,35,36,36,36,36,35,36,36,38,36,127,127,127,127,126,126,124,126,126,126,125,124,125,125,126,124,124,121,124,124,124,124,124,124,124,125,124,124,123,124,124,124,124,124,124,124,126,124,124,124,124,124,124,124,123,124,124,125,124,124,124,124,124,124,124,121,124,124,124,124,124,124,124,125,124,124,124,124,124,124,124,124,124,124,127,124,124,124,124,124,124,124,123,124,124,125,124,124,124,124,125,124,124,120,124,124,124,124,124,124,124,126,124,124,124,124,124,124,124,124,124,124,127,124,124,124,124,124,124,124,123,124,124,125,124,124,124,124,125,124,124,121,124,124,124,124,215,215,215,216,214,214,214,214,214,213,212,212,213,213,215,212,212,212,212,213,212,212,210,212,212,212,212,212,212,212,213,212,212,209,212,212,212,212,212,212,212,214,212,212,212,212,212,212,212,211,212,212,214,212,212,212,213,213,212,212,210,213,213,212,212,212,213,213,214,212,212,211,213,213,212,212,212,213,213,215,212,212,213,213,213,212,212,211,213,213,214,212,212,213,213,214,213,212,210,213,213,213,213,212,213,213,214,213,213,212,214,214,213,213,212,214,214,215,213,213,214,214,214,213,213,212,214,214,214,213,213,214,214,214,213,213,210,214,214,214,213,213,214,214,214,213,214,212,214,214,214,213,213,214,214,215,214,214,214,214,214,214,214,212,214,214,214,214,214,214,214,214,214,214,210,214,214,214,214,214,214,214,215,214,214,214,125,123,123,124,123,124,125,127,125,125,126,126,126,126,126,124,126,126,127,126,126,126,126,127,126,126,123,126,126,126,126,126,126,127,127,126,126,126,126,127,126,126,126,126,126,128,126,126,126,126,127,126,126,124,126,127,127,126,126,126,126,127,126,126,123,126,126,126,126,126,126,126,127,126,126,126,126,126,126,126,125,126,126,128,126,126,126,126,126,126,126,124,126,126,126,126,126,126,126,127,126,126,123,126,126,126,126,126,126,126,127,126,126,126,126,126,126,126,125,126,126,127,126,126,126,126,126,126,126,124,126,126,126,126,126,126,33,36,35,36,34,36,37,37,37,36,38,38,39,38,38,38,38,38,38,38,36,38,38,39,38,38,38,38,39,38,38,36,38,38,38,38,38,38,38,39,38,38,36,38,38,38,38,37,38,38,39,38,38,38,38,38,38,38,36,38,38,39,38,38,38,38,38,38,38,35,38,38,38,38,37,38,38,39,38,38,36,38,38,38,38,36,38,38,39,38,37,38,38,38,38,37,35,38,38,38,37,37,38,38,38,37,37,35,38,38,37,37,37,37,37,38,37,37,36,38,38,37,37,36,37,37,39,37,37,37,37,38,37,37,35,37,37,38,37,36,37,37,38,37,36,35,37,37,37,37,36,37,37,38,37,36,36,37,37,37,36,35,37,37,38,37,36,37,37,37,36,36,35,36,36,37,36,36,36,36,38,36,36,34,36,36,128,127,127,127,127,127,126,126,126,126,126,125,124,124,125,125,127,124,124,124,124,124,124,124,122,124,124,124,124,124,124,124,125,124,124,121,124,124,124,124,124,124,124,126,124,124,124,124,124,124,124,123,124,124,126,124,124,124,124,124,124,124,122,124,124,124,124,124,124,124,125,124,124,122,124,124,124,124,124,124,124,126,124,124,124,124,124,124,124,123,124,124,125,124,124,124,124,125,124,124,121,124,124,124,124,124,124,124,125,124,124,123,124,124,124,124,124,124,124,126,124,124,124,124,124,124,124,123,124,124,125,124,124,124,124,124,215,215,212,215,214,214,214,213,214,214,214,212,212,212,213,213,212,212,212,212,212,215,212,212,212,212,212,212,212,211,212,212,213,212,212,212,212,213,212,212,209,212,212,212,212,212,212,213,214,212,212,212,213,213,212,212,212,212,213,215,212,212,213,213,213,212,212,211,212,213,213,212,212,213,213,214,212,212,209,213,213,212,212,212,213,213,214,212,212,212,213,213,213,212,212,213,213,215,213,212,213,214,214,213,212,211,213,214,214,213,213,214,214,214,213,213,210,214,214,213,213,213,214,214,215,213,213,214,214,214,213,213,212,214,214,215,213,213,214,214,214,213,213,211,214,214,214,213,213,214,214,214,213,213,211,214,214,214,213,213,214,214,215,214,214,214,214,214,214,214,212,214,214,215,214,214,214,214,214,214,214,211,214,214,214,214,214,123,123,124,124,124,122,125,125,125,125,125,126,126,127,126,126,126,126,126,126,126,125,126,126,127,126,126,126,126,127,126,126,124,126,127,126,126,126,126,126,127,126,126,124,126,127,126,126,126,126,126,128,126,126,126,126,127,126,126,125,126,126,127,126,126,126,126,127,126,126,123,126,126,126,126,126,126,126,127,126,126,125,126,126,126,126,126,126,126,128,126,126,126,126,126,126,126,124,126,126,127,126,126,126,126,127,126,126,123,126,126,126,126,126,126,126,127,126,126,126,126,126,126,126,125,126,126,128,126,126,126,126,126,126,126,32,35,35,36,36,36,37,37,38,37,37,35,38,38,38,38,37,38,38,39,38,38,38,38,38,38,38,37,38,38,39,38,38,38,38,39,38,38,36,38,38,39,38,38,38,38,39,38,38,35,38,38,38,38,37,38,38,39,38,38,38,38,38,38,38,36,38,38,39,38,38,38,38,38,38,38,35,38,38,38,38,37,38,38,38,38,38,35,38,38,38,38,37,38,38,39,38,37,38,38,38,38,37,36,38,38,38,37,37,38,38,38,37,37,35,37,38,37,37,36,37,37,38,37,37,35,37,38,37,37,36,37,37,39,37,37,37,37,37,37,37,35,37,37,38,37,36,37,37,38,37,37,35,37,37,37,36,36,37,37,38,37,36,35,37,37,36,36,36,36,37,38,36,36,37,36,37,37,36,35,36,36,37,36,36,36,70,128,127,127,124,126,126,126,125,125,125,125,126,124,124,124,124,125,124,124,124,124,124,127,124,124,124,124,124,124,124,123,124,124,125,124,124,124,124,124,124,124,121,124,124,124,124,124,124,124,125,124,124,124,124,124,124,124,124,124,124,127,124,124,124,124,124,124,124,123,124,124,125,124,124,124,124,125,124,124,120,124,124,124,124,124,124,124,126,124,124,124,124,124,124,124,124,124,124,127,124,124,124,124,124,124,124,123,124,124,125,124,124,124,124,125,124,124,121,124,124,124,124,124,124,124,126,124,124,124,124,124,124,124,124,124,216,217,215,214,214,214,214,213,213,211,213,213,212,212,212,212,213,214,212,212,209,212,212,212,212,212,212,212,214,212,212,212,212,212,212,212,211,212,212,214,212,212,212,212,213,212,212,210,212,213,212,212,212,212,213,214,212,212,210,213,213,212,212,212,213,213,214,212,212,213,213,213,212,212,211,213,213,214,212,212,213,213,214,212,212,210,213,213,213,212,212,213,213,214,212,212,211,213,214,213,212,212,213,213,215,213,212,213,214,214,213,213,212,214,214,214,213,213,214,214,214,213,213,210,214,214,213,213,213,214,214,214,213,213,212,214,214,213,213,212,214,214,215,213,213,214,214,214,214,214,212,214,214,214,213,213,214,214,214,214,213,210,214,214,214,214,213,214,214,215,214,214,213,214,214,214,214,213,214,214,216,214,214,214,214,214,214,123,121,124,124,125,124,124,125,125,126,125,125,122,126,126,126,126,126,126,126,127,126,126,126,126,127,126,126,126,126,126,128,126,126,126,126,127,126,126,124,126,127,127,126,126,126,126,127,126,126,123,126,126,126,126,126,126,126,127,126,126,126,126,127,126,126,125,126,126,128,126,126,126,126,127,126,126,124,126,126,126,126,126,126,126,127,126,126,123,126,126,126,126,126,126,126,127,126,126,126,126,126,126,126,125,126,126,127,126,126,126,126,126,126,126,124,126,126,126,126,126,126,126,127,126,126,124,126,126,126,126,125,126,126,127,33,35,35,36,36,36,36,35,37,38,38,38,38,38,38,38,38,38,36,38,38,38,38,38,38,38,39,38,38,36,38,38,38,38,37,38,38,39,38,38,38,38,38,38,38,36,38,38,39,38,38,38,38,38,38,38,35,38,38,38,38,37,38,38,39,38,38,37,38,38,38,38,36,38,38,39,38,37,38,38,38,38,38,35,38,38,38,38,37,38,38,38,38,37,35,38,38,38,37,37,38,38,39,38,37,36,38,38,37,37,36,37,38,39,37,37,37,37,38,37,37,35,37,37,38,37,37,37,37,38,37,37,35,37,37,37,37,36,37,37,38,37,37,36,37,37,37,37,35,37,37,38,37,36,37,37,38,37,36,35,37,37,38,36,36,37,37,38,36,36,35,37,37,37,36,36,36,36,38,36,36,36,37,37,36,36,35,128,127,129,126,126,126,126,126,125,125,123,125,125,124,124,124,124,124,125,124,124,121,124,124,124,124,124,124,124,126,124,124,124,124,124,124,124,123,124,124,126,124,124,124,124,124,124,124,122,124,124];
