% Ranocchio scopemeter output file

% NO LOAD

timestep_ns = 26000;

microvolts_per_count = 1732500;

Data = [
26,25,26,26,26,25,25,22,25,25,25,25,25,25,25,26,25,25,24,25,25,25,25,24,25,25,27,25,24,25,25,25,25,25,23,25,25,26,26,26,26,27,28,27,28,25,28,29,30,30,30,30,31,33,32,32,32,34,35,35,36,35,38,39,40,39,40,41,42,43,44,44,43,46,47,48,48,49,51,51,53,53,54,52,56,56,57,57,58,59,60,62,62,62,63,64,65,65,66,65,67,68,71,70,70,71,72,73,73,74,73,76,77,78,78,79,80,81,82,83,83,81,85,86,87,88,88,89,91,92,92,93,94,95,96,97,97,97,100,101,103,102,103,104,105,107,107,108,107,110,111,112,113,113,115,116,118,118,119,117,121,122,123,124,124,126,127,129,129,129,131,132,133,134,135,135,137,138,140,140,140,142,143,144,144,145,144,147,148,150,150,151,152,153,155,155,156,155,158,159,160,160,161,163,164,166,165,166,167,168,169,170,171,171,173,174,175,176,176,177,179,179,180,180,179,183,183,184,185,185,187,188,189,189,190,190,191,192,193,193,193,195,196,198,197,198,198,199,199,200,200,199,202,203,203,203,204,204,205,206,206,206,204,207,208,208,208,209,209,210,211,211,211,211,212,213,213,214,213,215,215,217,216,216,217,217,218,218,218,217,219,220,220,220,220,221,221,222,221,221,218,222,223,222,222,222,223,223,224,223,223,223,224,224,224,224,223,224,224,227,224,224,224,224,225,224,224,222,225,225,225,224,224,225,225,225,224,224,221,225,225,224,224,224,225,225,226,225,224,224,225,225,224,224,224,225,225,227,224,224,224,224,224,223,222,220,222,222,221,220,220,220,219,219,218,217,214,216,216,215,215,213,214,212,213,211,209,209,208,208,207,206,204,204,204,204,201,200,200,199,199,198,196,193,195,195,193,192,192,192,191,190,188,188,184,187,186,185,184,183,183,182,183,180,179,179,179,178,177,176,174,175,174,175,172,171,171,170,169,168,167,164,166,165,164,163,161,161,160,160,158,157,155,156,155,153,152,151,151,150,151,148,147,146,145,144,143,142,140,140,140,139,137,136,136,135,134,133,131,128,130,129,127,127,126,124,124,123,121,120,119,119,118,117,115,114,114,113,114,111,110,109,108,107,106,105,103,103,103,102,100,99,99,97,97,96,94,90,92,92,91,89,88,88,87,87,85,84,83,83,81,80,79,78,78,76,78,75,73,73,72,71,70,69,67,67,67,67,65,64,63,63,63,61,60,57,59,58,57,56,55,55,55,55,53,52,51,51,51,50,49,48,48,48,49,47,46,46,46,46,44,44,41,43,42,43,41,41,40,40,40,39,39,36,38,38,37,36,35,35,35,36,34,33,33,33,33,32,32,31,31,31,32,30,30,30,29,30,28,28,26,28,28,28,27,27,27,27,28,27,27,24,27,27,27,26,25,26,26,28,26,25,26,26,26,25,25,24,25,25,27,25,25,25,25,25,25,25,23,25,25,25,25,25,25,25,26,25,25,23,25,25,25,25,24,25,25,27,25,25,26,26,27,27,27,26,28,28,30,30,30,30,30,32,32,32,31,33,34,35,35,35,36,38,39,39,39,39,41,42,43,44,44,46,46,48,48,48,49,50,51,52,52,51,54,55,56,56,57,59,59,60,60,61,60,63,64,64,65,65,67,67,69,68,69,69,71,72,72,73,73,75,76,79,78,78,79,80,81,81,82,81,84,85,87,87,87,88,89,91,91,92,89,94,95,96,96,97,99,100,102,102,102,103,104,105,106,107,108,109,110,113,112,112,114,115,116,116,118,117,120,121,122,123,123,125,126,127,127,128,126,131,132,132,134,134,135,137,139,139,139,140,142,143,143,144,144,146,147,151,149,150,151,152,153,154,155,154,157,158,159,159,160,161,163,164,164,165,162,167,168,169,170,170,172,173,175,174,175,176,177,179,179,179,179,182,183,185,184,184,185,187,187,188,188,188,191,191,192,192,193,194,195,196,196,196,194,198,199,199,199,200,201,202,203,203,203,204,204,205,205,206,205,207,207,209,208,208,209,210,211,210,211,208,212,212,212,212,213,214,215,216,215,216,214,217,217,217,217,217,219,219,221,220,220,220,221,222,221,221,220,222,222,223,222,222,223,223,223,223,223,220,224,224,224,224,224,224,224,225,224,224,222,224,224,224,224,224,224,224,226,224,224,224,225,225,224,224,224,225,225,225,224,224,225,225,225,224,224,222,225,225,225,224,224,225,225,225,224,224,223,224,224,223,223,222,222,222,223,221,220,220,220,219,219,218,216,217,217,217,215,214,214,214,213,211,211,207,209,209,207,207,206,206,204,204,203,201,200,200,199,199,198,196,196,195,197,193,192,192,192,191,190,188,186,188,187,187,185,184,184,183,183,182,180,176,179,179,177,176,176,176,175,175,173,172,171,171,170,169,168,167,167,166,167,164,163,163,161,161,159,159,156,157,156,155,154,152,152,151,151,149,148,143,147,145,144,143,142,142,141,141,139,137,136,136,135,134,133,131,131,130,131,128,127,126,125,124,123,121,119,120,119,119,117,115,115,114,114,112,111,107,109,108,107,106,105,104,103,104,102,100,99,99,98,96,96,94,94,93,94,91,89,89,88,88,86,85,82,83,83,81,80,79,79,78,78,76,75,71,73,72,71,70,69,69,68,68,66,65,64,64,63,62,61,59,60,59,59,57,56,56,55,55,54,53,50,52,51,51,50,49,49,48,49,48,47,45,46,46,45,44,43,43,43,44,42,41,41,41,40,40,39,38,39,38,39,37,36,36,36,36,35,34,32,33,33,33,32,31,32,32,32,31,30,28,30,30,29,29,28,28,28,30,28,27,27,27,28,27,27,25,27,27,27,26,26,26,26,27,26,26,23,26,26,25,25,25,25,25,27,25,25,24,25,25,25,25,24,25,25,27,25,25,25,25,25,25,25,23,25,25,25,25,25,25,25,26,25,25,23,26,26,27,27,27,28,28,30,29,29,30,30,30,30,31,31,32,33,35,34,35,36,36,38,38,39,37,40,41,42,43,43,44,45,47,47,47,46,49,50,51,51,52,54,54,56,56,56,57,58,59,60,60,60,62,63,65,64,64,65,67,67,68,68,67,70,71,72,72,73,74,75,76,76,77,75,79,79,80,81,81,83,84,86,86,86,87,88,89,90,91,91,93,94,96,96,96,97,99,99,100,101,100,103,104,105,106,107,108,109,111,111,112,110,114,115,115,116,117,119,120,122,121,122,124,124,126,127,127,127,129,131,133,132,133,135,135,137,137,138,136,140,142,142,143,144,145,146,148,148,149,148,151,152,153,153,154,156,157,159,159,159,160,161,163,163,164,163,166,167,169,168,169,171,172,173,173,174,172,176,177,178,179,179,180,182,183,183,184,184,185,187,187,188,188,190,191,193,192,192,193,194,195,195,196,195,198,198,199,199,200,200,201,202,202,202,200,204,204,205,205,206,207,207,208,207,208,208,209,210,210,210,210,211,212,215,212,212,214,214,215,215,215,214,216,217,217,217,217,218,219,219,219,219,216,220,221,220,221,221,222,222,223,222,222,222,223,223,223,223,222,224,223,225,224,224,224,224,224,224,224,222,224,224,225,224,224,224,225,225,224,224,221,225,225,224,224,224,225,225,226,224,224,224,225,225,225,224,224,225,225,227,225,224,225,225,225,224,224,222,224,224,224,224,223,223,223,223,222,220,217,220,220,219,219,218,218,217,218,216,215,215,215,214,212,211,210,211,210,211,208,207,206,206,205,204,203,200,201,201,199,199,198,197,196,196,195,193,190,192,192,191,190,188,188,188,188,186,185,185,184,184,183,182,180,180,180,180,178,177,176,176,175,174,173,170,172,172,170,169,168,168,167,167,165,164,161,163,162,160,159,158,158,157,158,155,154,153,152,152,150,149,147,147,147,146,144,143,143,142,142,140,139,135,137,136,135,134,133,132,131,131,129,128,126,126,125,124,123,121,121,120,121,118,117,116,115,115,113,112,110,111,110,109,107,106,105,104,104,103,102,97,100,99,98,96,96,95,94,94,92,91,89,89,88,87,86,84,84,83,84,81,80,80,79,78,77,76,73,74,73,73,71,70,70,69,69,67,66,63,65,64,63,62,61,61,60,60,59,57,56,56,56,55,54,52,53,52,54,51,50,50,49,49,48,48,45,47,46,46,45,44,44,44,44,43,42,39,41,41,40,40,39,39,39,40,38,37,36,36,36,35,35,33,34,33,34,32,32,32,32,32,31,30,28,30,30,30,29,28,28,28,29,28,28,25,28,28,27,27,26,27,27,28,27,26,27,26,26,26,26,25,26,26,27,25,25,25,25,26,25,25,23,25,25,25,25,25,25,25,26,25,25,23,25,25,25,25,24,25,25,27,25,25,25,25,25,25,25,24,25,26,27,26,27,27,28,28,28,29,27,30,30,30,30,31,32,32,34,33,34,33,35,36,37,38,38,39,40,43,41,42,43,44,45,46,47,46,48,49,51,51,51,52,53,55,55,55,54,57,58,59,59,60,61,62,63,63,64,63,65,67,67,67,67,69,70,72,71,72,73,74,75,75,76,75,78,79,80,80,81,82,83,84,84,85,83];
