% Ranocchio scopemeter output file

% GARAGE 1500W HEATER

timestep_ns = 26000;

microvolts_per_count = 1732500;

Data = [
31,31,30,31,31,31,31,30,31,31,31,30,30,30,30,30,31,30,30,30,30,30,30,30,30,30,30,30,30,30,30,30,30,30,30,28,31,31,31,31,31,32,32,34,33,33,34,34,35,35,35,35,36,37,39,38,39,39,40,41,41,42,40,44,44,45,46,46,48,48,50,49,50,49,52,53,54,54,55,56,57,59,58,59,60,61,62,62,63,63,64,65,67,67,67,68,69,70,70,71,69,72,73,74,75,75,76,77,79,78,79,79,81,81,82,83,83,84,86,88,87,88,88,89,90,91,92,91,94,95,96,96,97,98,99,100,100,102,99,103,104,105,106,107,108,109,111,111,111,112,113,114,115,116,116,118,119,121,120,121,123,124,125,126,126,126,128,129,131,131,132,134,134,135,136,136,134,139,140,140,142,142,143,145,147,146,147,147,150,150,151,152,152,154,155,158,156,157,159,159,160,161,161,161,163,164,166,166,167,168,169,170,171,171,168,174,174,175,176,176,177,178,180,179,180,181,182,183,183,184,184,186,187,190,188,188,190,191,191,192,192,191,194,194,195,195,195,196,198,198,198,198,196,200,200,200,201,201,202,203,204,203,204,204,205,206,206,206,206,207,207,209,208,208,209,210,211,210,211,209,212,212,212,213,213,214,215,215,215,215,212,216,216,216,216,216,217,217,219,217,217,218,218,219,218,218,217,219,219,220,219,219,219,220,219,219,219,217,220,220,220,219,219,220,220,220,220,220,218,220,220,220,220,220,220,220,222,220,220,220,220,220,220,220,219,220,220,221,220,220,220,220,221,220,220,217,220,220,219,219,219,219,219,219,217,217,216,216,216,215,215,214,214,214,215,212,212,211,211,211,209,208,207,207,207,206,204,204,204,203,202,200,200,196,199,198,197,196,195,195,194,194,192,192,190,190,190,188,188,186,186,185,187,184,183,183,182,182,180,179,177,179,178,177,176,175,175,174,174,172,172,167,170,169,168,168,167,167,166,166,164,163,162,161,161,159,159,157,158,156,158,155,153,153,152,151,150,149,147,147,147,146,144,143,143,142,142,140,139,135,137,137,136,135,134,133,132,132,130,129,128,127,127,125,124,123,123,121,123,120,118,118,117,116,115,114,111,112,111,111,109,108,108,107,106,104,103,99,102,101,100,99,98,97,96,97,95,94,93,92,91,90,89,87,88,87,87,84,83,83,82,81,80,79,76,78,77,76,75,73,73,72,72,71,70,67,68,68,67,66,65,65,64,64,62,62,61,60,60,59,58,56,57,56,57,55,55,54,54,54,52,52,49,51,51,50,49,49,48,48,48,47,47,44,46,46,45,44,43,44,43,44,43,42,41,41,41,40,40,38,39,39,39,38,37,37,36,36,35,35,33,35,35,34,34,33,33,33,34,33,33,31,32,32,32,32,31,32,32,33,31,31,31,31,31,31,31,30,31,31,31,31,31,31,31,31,31,30,29,31,31,31,30,30,31,30,31,30,30,30,30,30,30,30,30,30,30,31,30,30,30,30,30,30,30,30,31,31,31,31,31,31,32,33,32,33,31,34,34,35,35,35,36,37,38,38,38,38,39,40,40,41,41,43,44,46,45,46,47,48,48,49,49,48,51,52,54,54,54,56,56,58,57,59,56,60,61,62,62,63,64,65,67,66,67,67,68,69,70,70,70,71,72,75,73,74,76,76,78,78,78,77,80,80,82,82,83,84,84,86,86,87,85,88,89,90,91,92,93,94,96,96,96,97,98,99,100,100,100,103,103,106,105,106,107,108,110,110,110,110,112,113,114,115,115,117,118,119,120,120,119,123,124,124,126,126,127,128,131,130,131,132,133,134,135,136,136,138,139,141,140,142,143,144,145,145,146,145,148,149,150,151,152,153,154,155,156,156,156,159,159,160,160,161,163,163,166,165,166,167,168,169,169,170,170,172,174,175,175,176,176,177,179,179,179,177,182,182,183,183,184,185,186,187,187,188,188,190,191,191,192,192,193,193,196,195,195,196,196,198,198,198,197,199,200,201,200,200,202,202,203,203,203,200,204,205,205,206,206,207,207,208,207,208,208,209,210,210,210,210,211,212,215,212,213,214,214,215,214,215,214,216,216,217,216,216,217,217,218,217,217,214,218,218,218,218,218,219,219,220,219,219,219,219,219,219,219,219,220,220,222,220,219,220,220,220,220,220,218,220,220,220,220,220,220,220,221,220,220,216,220,220,220,220,220,220,220,222,220,220,220,220,220,220,220,219,220,220,222,219,219,219,219,219,218,217,215,217,216,216,215,215,215,214,214,213,212,208,211,211,210,209,208,208,207,207,206,204,204,204,203,201,200,199,199,199,199,197,196,195,195,194,193,192,189,191,190,189,188,188,187,186,186,184,184,180,183,182,181,180,179,179,179,179,177,176,176,175,174,173,172,171,171,171,171,168,167,167,167,166,164,164,160,163,162,160,159,159,158,158,157,155,155,152,153,152,151,150,148,148,147,148,145,144,144,143,142,141,140,138,139,138,137,136,135,134,134,132,131,130,127,128,127,126,125,124,124,123,122,120,120,118,118,117,116,115,113,113,112,113,110,109,108,108,107,105,104,102,103,102,102,100,99,98,97,97,96,94,90,93,92,91,90,89,88,88,88,86,84,83,83,82,81,80,79,79,78,79,76,75,74,73,73,71,71,68,70,68,68,67,66,65,65,64,63,62,59,61,60,60,59,58,58,57,57,56,55,54,54,54,53,52,51,51,51,52,50,49,49,48,48,48,47,44,46,46,46,45,44,44,44,44,43,42,39,41,41,40,40,39,39,39,40,38,38,37,37,36,36,35,34,35,35,35,34,34,34,33,34,33,33,31,32,32,33,32,31,32,32,32,31,31,30,31,31,31,31,31,31,31,32,31,31,31,31,31,31,31,30,31,31,31,31,30,30,30,31,30,30,30,30,30,30,30,30,30,30,30,30,30,28,30,30,30,30,30,30,31,32,31,31,31,31,32,32,32,31,33,34,35,35,35,36,36,37,37,38,36,39,39,40,40,41,42,43,44,44,45,44,47,48,48,49,49,51,51,54,53,54,55,55,56,57,57,57,59,60,62,62,62,63,64,65,65,66,64,67,68,69,70,70,71,72,73,73,73,73,75,76,77,78,78,79,80,83,81,82,83,84,84,85,86,86,88,88,90,90,91,92,93,94,95,95,93,97,98,99,99,100,102,103,104,104,105,105,107,108,108,110,110,112,112,115,114,115,116,117,118,119,120,119,121,123,124,124,125,127,127,129,129,130,127,132,134,134,135,135,137,138,140,140,140,141,143,143,144,145,145,147,148,151,150,151,152,153,154,155,155,155,158,159,159,160,160,162,163,164,164,165,162,167,168,168,169,170,172,172,175,174,175,175,176,177,178,179,179,180,182,184,183,183,184,185,186,187,187,186,189,190,191,191,192,192,193,194,194,194,192,196,197,197,198,198,199,199,201,200,200,201,202,202,202,203,203,204,205,207,205,206,206,207,207,207,207,206,209,209,209,210,210,211,211,212,212,212,210,214,214,214,214,214,215,216,217,216,216,216,217,217,217,217,216,218,218,219,218,218,219,219,219,219,219,216,219,219,219,219,219,220,220,220,219,219,218,220,220,220,220,219,220,220,222,220,220,220,220,220,220,220,219,220,220,221,220,220,220,220,221,220,220,217,220,220,220,220,220,220,220,221,220,219,218,220,219,218,218,217,217,217,218,216,215,215,215,215,214,213,211,212,212,211,210,209,209,208,207,206,206,202,204,204,203,201,200,200,199,199,198,197,195,195,195,194,193,192,192,191,192,189,188,188,187,187,185,184,183,184,183,183,181,180,180,179,179,177,176,172,176,175,174,173,172,172,171,171,169,168,167,167,167,166,164,163,163,163,164,160,159,159,158,158,156,155,153,154,153,152,151,150,150,148,148,147,145,141,144,143,142,141,140,140,139,139,136,135,135,134,134,132,131,129,129,128,129,126,125,124,124,123,121,120,118,119,118,118,116,115,114,113,113,111,110,106,108,108,107,105,104,104,103,103,101,100,99,99,97,96,95,94,94,93,94,91,90,89,88,88,87,86,82,84,83,82,81,80,79,79,78,76,76,73,74,73,72,71,70,70,70,70,67,67,66,65,65,64,63,61,62,61,62,60,59,58,58,57,56,56,53,55,54,54,53,52,52,51,52,51,50,48,49,49,48,48,46,47,46,47,46,45,44,44,44,43,43,41,42,41,42,40,40,39,39,39,39,38,35,37,37,36,36,35,35,35,36,35,34,33,34,34,33,33,32,33,33,34,32,32,32,32,32,32,31,31,31,31,32,31,31,31,31,31,31,31,30,31,31,31,31,30,31,31,31,30,30,30,31,30,30,30,30,30,30,31,30,30,30,30,30,30,30,30,30,30,31,30,30,30,30,31,31,31,29,31,31,32,32,32,33,33,35,34,35,35,35,36,36,37,36,38,39,40,39,40,41,42,43,44,44,43,46,47,48,48,49,50,51,52,52,52,51,55,55,56,56,57,59,59,62,61,62,62,63,64,64,65,65,67,67,70,68,70,70,71,72,72,73,71,75,76,76,76,78,79,79,80,80,81,79,83,84,84,85,86,87,88,90,89,90];
