% Ranocchio scopemeter output file

% GENERATOR NO LOAD

timestep_ns = 26000;

microvolts_per_count = 1732500;

Data = [
23,25,25,24,21,19,16,16,14,13,13,12,12,12,13,16,23,25,28,30,31,31,32,32,31,31,24,23,23,23,23,22,30,30,32,33,35,36,37,38,38,37,35,37,36,32,32,31,33,36,38,39,41,40,45,47,48,48,48,48,48,49,47,47,42,43,43,46,47,48,51,52,55,55,55,55,55,55,54,54,48,52,52,53,54,54,57,60,64,65,67,67,70,70,70,70,68,69,68,68,67,67,68,70,72,75,78,79,83,83,83,80,79,74,76,76,75,75,73,76,79,80,83,87,91,94,96,96,97,96,99,98,97,97,96,96,96,97,96,98,102,105,108,109,110,110,113,115,116,115,115,115,114,114,112,112,110,115,118,120,123,124,126,126,129,129,131,130,131,131,131,130,129,128,129,132,132,135,136,138,140,141,144,145,149,150,151,150,150,150,149,150,148,149,147,152,153,154,155,157,161,164,168,169,170,171,172,172,171,171,169,171,171,173,169,169,171,172,176,179,182,183,187,188,188,187,186,186,186,186,179,179,175,179,183,185,186,188,190,192,195,195,196,197,198,199,199,199,198,199,198,195,196,198,199,200,201,202,203,201,204,204,204,204,204,204,204,200,199,200,199,204,206,208,209,211,214,215,217,217,218,219,219,219,217,216,209,211,212,219,218,219,221,222,224,224,225,224,227,228,228,227,227,220,220,220,220,226,224,230,231,233,235,236,238,239,241,240,240,239,237,230,227,225,224,225,227,229,233,234,236,236,238,237,238,235,238,232,228,225,223,221,219,219,218,218,216,220,221,226,227,226,227,227,228,220,219,217,216,215,213,212,211,212,213,214,214,214,218,218,218,216,213,209,210,208,206,204,203,202,202,203,201,201,200,203,204,207,207,206,203,202,202,199,197,196,195,195,195,195,194,196,197,199,198,198,197,196,195,192,189,183,184,182,180,180,180,180,181,182,182,182,183,184,183,182,180,176,174,171,171,167,167,168,170,172,173,174,172,175,175,175,173,171,169,166,162,159,156,151,153,152,152,151,152,152,153,155,154,154,153,153,151,147,144,142,141,139,140,136,135,134,135,135,135,136,135,137,137,137,135,131,129,127,127,126,124,118,120,119,119,119,119,120,120,121,121,120,119,117,115,113,112,110,108,105,105,101,100,100,100,100,100,101,99,102,100,99,97,96,96,95,93,89,86,80,81,79,79,78,78,79,79,81,79,79,80,82,80,79,78,73,72,69,67,65,64,64,64,65,65,65,63,67,71,71,70,67,66,64,63,60,58,54,55,54,52,51,50,50,50,52,51,52,57,54,52,51,49,47,48,47,48,46,46,46,46,46,46,46,49,51,49,47,46,44,42,40,39,36,35,31,33,32,32,31,31,32,32,41,39,39,33,32,32,30,28,25,25,24,24,23,22,22,22,24,29,30,28,30,24,23,21,19,17,15,15,12,11,9,10,10,11,13,19,22,24,27,25,24,23,17,16,15,15,12,13,13,13,13,14,22,24,27,29,31,30,32,32,31,31,30,24,24,24,23,23,23,30,31,31,34,35,36,38,39,38,38,38,37,36,32,32,31,33,36,38,39,41,44,46,48,48,48,46,48,48,48,47,46,42,43,44,46,47,48,51,52,54,54,54,55,55,56,54,53,51,52,52,53,53,52,57,60,63,65,67,69,70,70,70,69,65,68,68,65,67,67,68,69,73,75,78,80,82,83,81,80,78,74,76,77,75,75,76,76,79,80,84,86,91,94,96,96,97,98,99,99,97,96,92,96,96,96,96,99,103,105,109,109,111,112,114,115,115,115,114,115,114,115,113,112,113,116,119,121,123,120,124,126,128,130,131,131,131,131,130,129,126,129,129,131,134,135,137,139,142,143,145,148,149,150,150,150,148,150,149,150,148,150,152,153,155,155,156,157,163,167,168,170,171,172,172,172,171,170,168,172,171,170,170,170,172,176,180,182,184,187,189,191,191,191,189,190,188,183,182,181,181,181,186,188,190,188,193,195,195,196,198,199,199,200,200,199,198,198,195,198,198,199,201,203,205,204,204,205,205,206,205,205,204,205,199,201,202,204,206,208,210,211,213,212,217,218,219,219,219,220,219,219,212,211,211,218,219,220,220,222,224,225,228,227,227,229,230,230,228,227,219,221,221,229,228,230,232,234,236,237,238,236,241,242,241,240,238,231,230,228,226,226,226,228,235,235,236,236,238,239,241,239,239,236,230,227,224,222,218,220,219,220,220,220,222,228,228,228,228,224,227,222,220,218,216,215,215,215,213,213,214,214,215,218,219,218,219,216,217,212,210,208,207,205,203,203,200,203,203,203,203,204,207,208,209,206,203,198,200,199,197,196,195,196,196,198,196,197,198,199,199,198,197,195,194,191,190,185,183,182,181,181,180,181,179,182,183,184,184,183,183,181,179,175,171,166,168,168,169,170,171,175,175,176,175,175,175,174,172,169,166,161,159,157,156,153,152,152,152,152,152,153,151,155,155,154,153,151,147,144,143,140,139,135,136,135,134,135,135,136,136,139,137,137,136,134,131,128,126,124,123,121,121,119,118,119,119,119,120,120,120,121,120,118,116,114,112,111,110,107,104,100,100,100,99,99,99,100,101,103,101,99,98,97,96,95,93,88,87,84,82,79,79,78,78,79,79,79,76,79,79,80,80,79,78,76,73,69,66,63,64,64,64,64,64,65,65,68,71,71,71,68,66,64,62,58,58,56,55,53,52,51,51,51,49,49,48,51,57,53,51,50,49,48,48,46,46,44,45,46,45,45,44,46,51,52,48,46,45,43,42,39,38,34,34,33,33,32,31,31,31,32,32,39,36,38,32,32,30,28,27,26,26,23,22,21,22,22,22,23,28,30,30,31,23,21,19,17,16,14,12,9,10,9,9,9,11,18,20,23,24,24,20,23,22,15,15,14,13,12,13,11,11,12,19,22,24,27,28,31,31,32,31,31,31,24,23,23,22,20,23,29,30,31,32,35,36,38,37,37,35,37,36,36,31,31,32,33,38,36,38,40,43,45,46,47,46,48,48,49,48,47,47,42,43,43,46,44,48,50,52,53,54,54,55,55,54,54,51,51,52,52,52,52,54,56,61,62,65,68,69,70,70,70,67,69,68,69,67,67,67,68,70,72,75,76,81,83,83,81,80,79,74,76,75,75,74,76,76,79,80,83,88,91,96,96,96,97,98,99,98,97,96,96,96,96,96,96,99,102,106,107,109,107,112,114,115,115,115,115,115,115,113,112,112,113,115,118,120,122,125,127,130,129,130,131,131,131,131,130,128,129,129,130,131,132,135,137,139,140,142,141,147,149,150,150,150,150,150,150,148,148,149,152,153,154,155,155,158,162,167,167,169,171,172,172,171,171,169,171,171,171,170,169,170,171,174,176,179,179,185,188,188,188,187,187,187,187,185,180,179,179,180,184,185,186,189,191,195,194,195,197,198,199,199,199,198,199,199,198,194,197,199,199,201,201,203,199,204,204,204,204,204,205,205,205,198,200,202,204,206,207,208,209,213,215,218,217,217,219,219,219,218,217,212,211,211,217,217,219,220,222,223,224,225,223,227,228,228,228,227,227,220,221,220,222,227,230,231,232,234,235,238,239,241,240,240,240,239,231,229,227,223,225,226,227,231,234,235,236,238,237,238,236,238,238,230,227,224,223,220,220,218,218,219,220,221,227,227,226,227,228,228,220,220,219,217,216,214,213,210,213,213,213,213,214,218,219,219,217,214,211,211,209,207,205,203,203,202,204,202,202,202,203,204,208,207,206,204,203,202,199,198,196,196,196,195,195,192,196,197,199,198,198,198,197,197,193,190,187,185,183,181,180,179,180,181,183,182,182,184,184,183,182,181,176,175,172,170,167,167,168,170,171,176,175,171,175,175,175,174,171,170,167,164,159,157,154,154,153,152,152,151,152,153,156,154,154,154,154,152,148,145,141,142,140,139,136,135,134,135,135,135,136,132,138,137,136,135,132,129,127,127,124,122,120,120,119,119,118,118,120,120,123,121,120,120,118,115,113,112,108,108,106,103,101,100,100,100,100,100,100,97,102,101,99,97,96,96,95,94,89,86,83,81,79,79,78,77,79,79,81,79,79,79,80,80,79,78,72,72,69,66,65,64,65,65,66,65,65,63,67,71,71,70,67,66,64,64,60,58,56,55,54,52,51,49,50,50,51,51,51,57,54,52,51,48,45,46,46,45,44,44,44,44,46,44,46,48,51,51,47,44,43,41,40,40,36,35,34,33,32,32,32,31,32,32,40,39,39,33,32,32,30,28,24,25,24,24,23,22,22,22,24,30,30,29,30,24,22,20,18,17,15,15,12,11,11,10,10,11,13,19,23,24,26,25,24,23,17,16,15,14,10,13,12,12,13,15,22,24,28,30,31,30,32,32,31,31,30,24,24,25,23,23,24,30,31,31,34,34,37,38,38,38,38,38,36,36,32,32,31,34,37,38,39,41,44,46,48,48,48,48,48,48,48,47,46,43,43,45,47,48,49,51,53,54,55,52,55,55,55,54,53,51,52,53,53,54,52,57,60,63,66,67,69,70,71,70,69,68,68,68,65,66,66,68,70,75,76,79,81,83,83,81,80,76,76,76,76];
