% Ranocchio scopemeter output file

% GEN WITH 3KW HEATERS

timestep_ns = 26000;

microvolts_per_count = 1732500;

Data = [
24,23,23,23,23,23,23,22,23,23,24,22,22,22,22,22,21,20,18,20,23,22,22,22,22,22,23,23,22,20,23,23,23,23,23,23,23,24,23,24,24,25,25,26,26,25,27,27,29,28,28,29,30,30,30,30,30,32,33,35,35,36,38,39,40,40,40,39,42,43,43,44,44,46,47,49,50,51,54,55,56,57,58,57,60,60,62,62,62,63,63,64,64,66,65,70,72,74,76,78,80,81,83,83,84,84,86,87,87,87,88,89,91,95,94,96,97,99,101,102,103,103,106,107,108,108,108,108,109,110,111,112,110,115,116,118,119,120,122,124,125,125,126,126,127,128,128,128,128,129,131,133,131,132,134,135,136,137,137,137,140,140,141,141,142,142,143,144,144,144,142,145,147,147,148,148,150,151,152,152,152,152,153,154,154,154,153,155,155,157,155,155,156,156,157,157,158,156,159,159,160,160,160,161,162,163,162,163,159,164,165,166,166,167,168,168,171,170,171,171,173,174,174,175,175,176,177,180,178,179,180,180,182,182,182,180,183,183,184,184,184,184,185,186,185,185,183,187,188,188,188,189,190,191,192,192,192,192,193,194,194,194,194,196,196,199,198,198,199,200,200,200,201,200,203,204,204,204,204,206,206,207,207,208,206,210,211,211,212,212,214,215,217,216,216,217,217,218,218,218,217,219,220,222,220,220,222,222,223,223,224,222,224,225,224,225,225,225,226,227,226,226,224,227,228,228,228,228,230,230,231,230,230,231,231,231,231,231,230,231,231,233,231,232,232,233,233,231,231,228,231,231,231,231,230,231,231,231,230,230,228,230,230,230,230,229,230,229,230,227,227,227,226,226,225,224,223,224,224,224,223,222,222,222,221,219,217,214,216,215,214,212,211,211,211,211,209,208,207,207,207,205,204,201,200,199,199,195,194,193,192,192,191,190,188,189,189,188,187,186,185,183,182,179,177,172,174,172,169,168,167,166,166,166,164,163,163,163,162,160,158,156,155,154,154,150,148,147,146,145,144,143,141,143,142,142,140,140,139,137,136,134,132,128,130,128,127,126,124,124,124,124,123,122,121,121,120,119,118,116,117,116,117,114,112,112,111,111,110,109,107,108,108,108,107,106,106,106,106,105,104,100,103,102,101,100,99,99,99,99,97,97,96,96,96,96,96,96,96,96,97,95,94,94,93,93,92,91,89,91,90,89,89,88,88,88,88,87,86,83,84,84,83,82,81,80,80,80,78,77,76,76,76,75,73,71,72,72,72,70,70,70,69,69,68,67,65,67,67,66,66,65,65,65,65,63,63,60,62,62,61,60,59,59,59,60,58,57,57,56,56,56,55,52,54,53,53,51,51,50,50,50,49,48,46,47,47,46,46,44,44,43,43,41,40,39,39,39,38,37,35,36,35,36,35,34,34,33,33,33,32,31,31,31,32,31,30,30,28,28,28,27,24,27,27,27,26,26,26,25,26,25,24,23,24,24,23,22,22,22,22,24,22,21,22,22,21,21,20,19,20,20,20,19,19,19,19,22,21,21,17,21,21,22,21,21,22,22,23,22,22,22,22,22,22,22,22,23,24,27,25,25,26,26,27,27,27,26,28,29,30,30,30,31,32,34,35,35,34,38,39,39,40,40,41,42,44,44,44,44,46,47,48,50,51,54,56,58,57,58,60,60,62,62,62,60,63,63,64,65,67,68,71,73,75,76,75,80,82,83,84,84,86,87,88,88,88,89,90,92,92,94,95,97,99,103,103,104,105,106,107,108,108,107,109,110,110,111,112,114,115,117,118,119,118,123,124,124,126,126,127,128,129,128,128,130,131,131,132,133,132,134,135,138,137,138,139,140,141,141,141,140,143,143,143,143,143,144,144,146,145,146,145,148,149,150,150,151,152,152,154,153,153,153,154,154,153,153,153,155,155,156,156,156,157,158,158,158,159,156,160,160,160,160,161,162,163,163,163,164,163,166,167,167,167,168,169,171,173,172,172,174,174,175,175,176,176,177,179,179,179,179,180,182,182,182,182,179,183,183,183,183,184,184,185,187,186,186,186,188,188,189,189,189,191,191,193,192,192,193,193,194,194,195,194,196,197,198,198,199,199,200,201,201,201,199,203,203,204,204,204,206,207,208,208,208,209,211,211,212,212,212,214,215,217,215,216,216,216,217,217,217,216,219,219,220,219,220,221,222,223,222,222,219,223,223,223,223,223,224,224,225,224,225,225,226,227,227,227,227,228,228,231,228,228,229,229,229,229,229,227,230,230,231,230,230,231,231,230,228,228,225,229,229,228,228,228,228,228,230,228,227,228,228,228,227,227,226,227,226,227,224,224,224,224,223,223,222,220,222,222,220,220,219,219,218,218,216,214,210,212,212,211,209,209,209,208,209,207,206,206,205,204,202,200,198,198,196,195,193,192,191,190,190,189,188,185,188,187,187,185,184,183,182,179,177,175,171,172,170,168,167,166,165,164,165,163,163,162,162,161,159,157,155,154,153,152,149,147,146,145,144,143,143,140,142,142,141,140,139,138,137,136,134,132,129,130,128,127,126,124,124,124,125,122,122,121,121,120,120,119,117,118,117,116,115,113,112,112,112,110,110,106,109,108,108,107,107,107,107,107,106,105,103,104,103,102,101,100,100,99,101,98,97,97,97,97,97,97,95,97,96,96,95,95,95,94,94,93,92,89,92,91,91,90,89,89,89,89,88,87,86,86,86,84,83,82,82,81,83,79,79,78,78,77,76,75,73,74,73,73,72,71,71,71,71,70,69,66,68,68,67,67,67,67,67,67,65,65,64,64,63,63,62,60,62,61,62,60,59,59,59,58,57,57,55,56,55,55,54,53,52,52,52,51,50,47,49,49,48,48,47,47,46,47,44,44,43,42,41,41,40,38,39,38,39,36,36,36,35,36,35,35,32,34,33,33,32,31,32,31,31,31,30,27,29,28,28,28,28,28,28,29,27,27,27,26,26,25,25,24,24,24,24,23,23,23,23,23,23,23,20,22,22,22,22,21,21,21,22,20,20,18,23,23,23,22,22,23,23,24,23,23,23,23,23,23,23,22,23,23,24,24,24,25,26,27,27,27,24,28,28,28,28,29,30,30,30,31,32,31,35,36,37,38,38,39,40,42,41,41,43,43,44,44,45,45,48,49,52,53,55,56,57,59,59,60,58,61,62,62,63,63,64,64,67,68,70,71,74,76,78,79,80,83,84,87,85,86,87,87,88,88,89,89,92,94,96,97,98,100,102,104,104,105,103,107,108,108,108,108,110,111,113,113,114,115,118,119,120,122,123,124,126,128,127,127,128,128,129,129,129,129,131,132,133,134,134,136,137,138,139,139,136,141,142,142,142,142,143,144,145,145,145,146,147,148,148,149,150,151,152,155,152,153,153,154,155,154,154,152,155,155,156,155,156,156,157,158,158,158,155,159,160,160,160,161,162,162,163,163,163,164,165,166,167,167,167,169,170,173,171,172,173,174,175,175,176,174,177,178,179,179,179,180,181,182,182,182,180,184,184,184,184,184,185,185,187,186,187,187,188,188,189,190,189,191,191,193,192,192,193,193,195,195,195,193,196,198,198,198,199,200,200,202,201,202,200,204,204,204,204,205,207,207,209,208,209,211,211,212,212,213,213,215,216,217,216,216,217,218,218,218,218,216,220,220,220,220,221,222,223,224,224,224,223,225,225,224,225,224,226,226,228,226,227,227,228,228,228,228,228,230,230,231,230,230,231,231,231,231,231,228,231,231,231,232,232,233,231,231,231,231,230,231,231,230,230,230,231,231,232,230,230,230,230,230,230,229,227,228,228,227,226,225,226,225,225,224,224,220,224,223,222,222,221,220,220,219,216,215,214,214,213,212,211,210,210,209,211,207,207,206,206,204,202,200,197,198,196,195,193,192,192,191,191,190,188,184,188,188,187,185,184,182,180,179,176,174,172,171,169,167,166,164,165,164,166,163,163,162,161,159,157,155,152,152,151,150,147,146,145,144,144,143,142,139,142,142,140,139,137,136,135,135,132,130,129,127,127,126,124,123,123,123,124,121,121,120,120,119,118,117,114,115,115,113,112,111,111,110,110,109,108,105,108,107,107,106,105,106,105,106,104,103,102,102,101,100,99,97,98,98,99,96,96,96,96,97,96,96,94,96,95,94,94,93,93,92,92,91,91,88,90,89,89,88,88,88,87,88,86,85,84,83,83,82,81,79,79,79,79,77,76,76,75,75,73,73,70,71,71,70,70,69,69,68,69,67,67,65,67,67,66,65,64,65,64,65,63,62,62,62,61,60,60,57,59,58,59,57,56,56,56,56,54,54,51,52,52,51,51,50,49,49,49,48,47,46,47,46,45,44,43,43,42,43,40,39,39,38,38,36,36,34,35,35,35,34,33,33,33,33,32,31,30,31,31,30,30,28,28,28,28,27,27,26,27,27,26,26,25,25,25,27,24,24,24,23,23,22,22,20,22,22,22,21,21,21,21,22,20,20,16,20,19,19,19,18,19,21,22,21,21,20,21,22,21,21,20,22,22,24,22,22,22,22,22,23,23,22,24,25,25,25,26,27,27,28,28,28,26,29,30,30,30,31,33,34,36,36,37,38,39,40,40,41,40];
