% Ranocchio scopemeter output file

% GEN WITH POWER DRILL

timestep_ns = 26000;

microvolts_per_count = 1732500;

Data = [
30,28,17,19,19,19,19,16,17,17,16,15,15,16,25,27,28,29,27,28,30,30,30,28,24,25,24,22,21,22,27,28,29,30,31,35,36,37,35,35,35,35,35,35,34,28,28,28,33,36,38,40,41,42,40,43,42,44,44,45,45,43,43,38,42,43,44,44,45,46,47,49,49,53,52,52,52,52,52,52,53,51,51,49,53,56,59,62,63,64,65,67,65,66,66,67,66,65,65,65,65,65,70,71,73,78,80,81,81,80,77,78,75,76,75,74,76,75,75,78,79,80,87,91,94,95,96,97,97,98,97,97,96,96,96,94,95,95,99,102,107,107,108,110,112,114,115,115,113,115,115,114,113,112,112,113,115,117,120,119,124,124,125,127,128,131,131,133,131,131,130,129,129,129,130,131,135,136,139,139,141,144,147,148,149,150,148,150,150,149,148,148,149,151,152,153,153,152,157,159,163,166,168,170,171,172,170,171,171,171,171,170,169,167,169,170,173,174,177,180,184,185,185,185,183,185,185,184,184,183,178,178,179,179,183,182,186,188,190,191,192,195,196,199,198,198,198,198,198,196,195,190,196,197,199,199,200,200,201,202,201,201,199,203,204,203,198,195,196,202,203,204,205,206,210,212,212,214,216,217,217,219,215,215,214,212,208,208,215,215,217,218,220,221,222,222,224,225,224,224,222,224,217,217,216,216,223,225,227,227,229,230,231,233,235,236,237,238,238,237,225,224,223,222,222,223,224,227,231,233,235,235,236,235,233,232,233,227,222,223,221,219,217,217,220,220,222,220,220,226,228,229,230,228,226,221,220,220,217,217,216,217,217,217,215,215,222,222,217,216,216,216,216,215,212,210,205,208,207,206,207,207,208,207,207,207,206,207,212,207,207,205,201,201,200,201,198,198,199,199,198,199,201,200,201,200,199,196,195,194,191,188,185,184,179,183,184,184,184,184,184,184,185,184,185,184,182,179,174,171,169,169,170,173,171,172,177,176,177,176,176,172,173,172,170,166,162,160,158,156,155,153,150,153,153,153,153,153,155,157,157,153,152,148,145,143,141,140,137,137,135,137,135,135,136,136,137,139,136,134,135,132,129,127,126,126,125,123,120,119,116,119,120,120,120,120,124,121,121,118,115,114,112,111,109,106,103,102,101,101,100,100,100,102,103,102,100,96,98,97,97,96,93,90,87,85,81,80,79,79,79,79,80,79,80,80,82,80,80,81,79,77,73,71,67,67,67,67,67,66,66,67,67,67,71,70,73,70,67,67,64,63,62,60,57,55,54,54,52,51,51,50,52,54,61,55,53,52,51,51,49,49,47,48,48,49,48,48,48,53,51,50,49,46,50,48,47,44,41,39,38,38,36,35,33,34,35,35,36,41,42,38,38,34,32,32,32,32,30,28,24,26,26,25,24,25,27,32,33,33,32,24,26,24,23,22,19,17,16,15,15,14,14,15,24,25,26,28,30,28,29,26,19,20,20,19,17,16,14,16,17,27,25,26,28,29,30,30,31,29,31,30,25,24,23,23,24,28,23,24,30,31,34,36,36,35,35,35,36,35,35,35,30,30,30,32,33,37,39,39,40,40,42,44,45,45,44,41,43,43,43,39,38,43,43,44,44,46,49,51,52,52,51,50,52,51,52,49,51,48,49,51,53,55,55,61,63,64,66,66,67,67,68,66,65,61,65,66,65,66,67,70,73,77,78,79,81,80,79,78,77,72,74,75,74,74,75,77,79,83,87,89,89,94,95,96,97,97,98,97,97,96,92,94,96,96,98,100,103,107,108,112,112,113,115,115,116,115,114,112,113,112,112,113,115,118,121,123,123,123,122,127,129,131,131,131,131,131,131,129,128,128,131,133,134,136,137,140,142,147,147,148,150,150,150,148,149,147,148,149,150,151,152,154,154,156,158,161,161,167,169,170,171,171,172,172,172,172,172,172,173,173,173,174,176,179,183,188,188,189,190,189,188,187,186,181,180,180,179,179,179,180,185,188,189,191,189,194,195,196,197,197,198,198,199,196,193,194,196,197,198,198,199,201,202,205,203,203,203,203,203,201,201,198,198,196,203,203,204,207,209,211,212,214,211,217,219,219,220,219,217,211,211,210,209,216,218,219,219,220,222,224,225,227,224,224,225,225,225,217,216,214,217,225,225,227,228,230,230,232,233,235,233,237,236,234,226,224,224,223,223,223,224,231,232,231,233,235,235,236,235,235,231,227,227,224,223,221,220,218,220,222,223,224,227,228,222,230,229,228,220,222,220,217,216,216,218,218,219,216,216,216,219,224,224,223,219,217,214,214,211,209,208,207,207,204,206,204,209,214,208,207,206,207,215,214,207,205,202,201,199,199,199,199,200,200,201,200,199,200,201,200,199,196,194,192,190,188,185,184,185,185,184,184,185,183,187,186,184,184,184,184,180,177,174,171,168,169,171,172,172,173,176,174,177,176,176,174,174,172,167,163,159,158,156,156,153,152,152,153,154,154,154,151,155,155,154,152,148,146,144,143,140,138,136,135,135,135,135,135,136,137,139,138,137,135,132,129,127,126,123,123,121,120,119,119,119,120,120,120,120,119,121,120,117,115,113,112,111,109,105,103,100,100,100,99,100,99,102,102,103,100,98,97,96,96,95,92,87,86,83,81,79,79,79,79,80,79,79,76,79,80,83,80,79,78,75,73,71,70,69,69,69,68,68,67,68,67,70,70,71,70,68,67,65,64,60,60,57,55,54,54,53,52,52,51,51,50,55,57,55,53,51,50,49,50,48,48,48,47,47,46,46,46,51,51,55,54,47,47,44,43,41,39,35,35,35,34,33,32,33,34,36,40,40,36,35,35,35,33,31,31,30,30,28,27,26,24,24,26,27,31,33,33,31,25,23,23,21,20,18,16,12,14,14,14,15,17,23,24,28,28,28,26,27,20,18,17,17,17,17,19,17,17,18,24,26,29,31,31,32,31,24,24,30,29,24,23,20,20,18,22,28,28,29,30,31,32,35,35,35,34,35,35,33,30,30,28,30,35,34,35,38,40,42,44,44,42,44,44,44,43,43,44,39,38,41,43,41,46,48,49,49,49,49,49,51,52,52,51,52,52,51,48,50,52,54,57,58,61,65,67,68,67,68,65,67,66,67,65,62,64,66,68,71,73,73,79,80,80,79,79,79,78,78,73,74,73,75,75,76,79,81,86,89,95,94,96,97,97,98,98,97,95,96,96,96,95,96,97,100,104,106,108,106,111,112,114,115,115,115,115,115,113,112,113,113,114,116,119,121,124,126,128,127,129,131,131,131,131,130,128,130,129,129,129,131,134,136,138,139,140,140,145,148,150,150,150,150,150,150,148,148,149,151,152,153,153,153,156,159,164,166,167,169,171,171,171,171,168,170,170,170,169,168,169,170,172,173,176,177,183,185,185,185,184,185,184,186,183,183,180,177,178,181,181,183,186,188,191,192,193,195,195,196,197,198,196,199,199,197,191,191,197,198,199,199,200,200,201,203,203,203,203,203,198,201,200,199,196,201,203,203,204,206,209,211,212,212,214,215,216,217,217,216,212,208,208,209,215,216,217,218,220,221,221,222,224,225,224,224,222,223,219,223,216,216,224,225,227,227,229,230,232,233,235,235,235,236,235,233,226,224,219,222,222,224,230,230,231,232,233,232,233,235,237,237,235,226,223,222,221,221,217,218,219,220,222,227,228,227,228,221,222,227,227,220,220,219,216,215,210,215,216,215,216,215,215,216,223,223,222,222,215,212,211,208,206,206,206,208,206,207,206,207,214,209,209,205,207,207,208,206,203,202,201,200,198,198,196,200,199,199,199,198,199,200,200,198,196,194,190,188,185,184,183,183,184,185,183,184,185,188,187,184,184,180,181,178,175,172,169,170,169,171,172,174,172,174,174,176,176,176,175,172,171,165,161,159,157,156,155,153,151,152,152,155,154,154,155,156,155,153,150,145,145,143,142,140,138,136,135,135,135,135,134,136,137,139,137,136,135,131,131,127,125,126,124,122,120,119,118,119,120,121,120,121,121,121,120,117,115,111,112,111,108,105,103,102,100,101,100,100,99,102,102,102,100,99,98,97,98,95,92,89,87,84,81,80,78,79,79,80,80,79,79,80,81,85,81,77,78,75,72,70,67,67,67,68,67,67,66,67,67,68,71,70,73,69,69,65,63,62,60,59,57,56,52,54,52,52,52,52,52,53,62,54,52,49,51,50,49,48,48,48,48,49,48,47,48,51,52,54,54,47,47,45,44,41,39,39,38,36,35,35,32,34,35,36,38,39,39,42,37,36,35,31,32,29,28,28,26,27,26,28,27,28,31,35,35,33,27,23,22,21,23,20,18,17,16,16,14,14,12,17,24,26,26,28,28,28,28,26,19,14,18,17,16,15,15,16,16,25,27,28,31,31,34,32,31,30,31,30,28,24,23,22,22,24,29,30,30,31,31,31,32,33,34,35,35,32,30,31,33,32,33,33,33,35,38,41,42,43,44,44,44,43,44,43,44,44,46,44,39,39,45,47,48,48,47,50,51,51,53,52,52,51,49,51,52,48,51,53,54,56,57,62,65,68,67,67,67,67,67,66,65,64,66,64,67,67,69,72,76,79,80,80,78];
